1.349909
1.679956
1.955058
2.195963
2.412935
2.611944
2.796829
2.970228
3.134047
3.289719
3.438350
3.580817
3.717829
3.849968
3.977720
4.101494
4.221641
4.338462
4.452219
4.563141
4.671429
4.777264
4.880805
4.982194
5.081560
5.179021
5.274680
5.368636
5.460976
5.551779
5.641122
5.729071
5.815690
5.901038
5.985169
6.068134
6.149980
6.230751
6.310488
6.389229
6.467013
6.543871
6.619838
6.694942
6.769214
6.842679
6.915364
6.987292
7.058488
7.128973
7.198767
7.267892
7.336365
7.404205
7.471429
7.538054
7.604095
7.669567
7.734485
7.798862
7.862713
7.926049
7.988883
8.051227
8.113091
8.174488
8.235427
8.295918
8.355971
8.415596
8.474801
8.533596
8.591988
8.649986
8.707597
8.764830
8.821692
8.878190
8.934330
8.990120
9.045565
9.100673
9.155449
9.209900
9.264030
9.317846
9.371353
9.424556
9.477460
9.530071
9.582393
9.634431
9.686189
9.737672
9.788884
9.839830
9.890513
9.940938
9.991109
10.041029
10.090701
10.140131
10.189321
10.238274
10.286994
10.335485
10.383749
10.431791
10.479611
10.527215
10.574604
10.621782
10.668751
10.715515
10.762075
10.808434
10.854596
10.900562
10.946335
10.991918
11.037312
11.082520
11.127545
11.172388
11.217052
11.261539
11.305850
11.349989
11.393957
11.437756
11.481387
11.524854
11.568157
11.611299
11.654280
11.697104
11.739772
11.782286
11.824646
11.866855
11.908915
11.950826
11.992592
12.034212
12.075689
12.117023
12.158218
12.199273
12.240190
12.280971
12.321617
12.362130
12.402510
12.442759
12.482878
12.522869
12.562733
12.602470
12.642083
12.681571
12.720938
12.760182
12.799307
12.838312
12.877199
12.915969
12.954623
12.993162
13.031587
13.069899
13.108099
13.146188
13.184167
13.222037
13.259798
13.297453
13.335001
13.372444
13.409782
13.447017
13.484148
13.521178
13.558107
13.594935
13.631664
13.668294
13.704826
13.741261
13.777600
13.813843
13.849991
13.886045
13.922006
13.957874
13.993650
14.029335
14.064930
14.100435
14.135850
14.171177
14.206416
14.241568
14.276633
14.311613
14.346507
14.381316
14.416042
14.450683
14.485243
14.519719
14.554115
14.588429
14.622662
14.656816
14.690890
14.724886
14.758803
14.792642
14.826404
14.860089
14.893698
14.927232
14.960690
14.994074
15.027383
15.060619
15.093782
15.126872
15.159890
15.192836
15.225710
15.258514
15.291248
15.323911
15.356505
15.389030
15.421487
15.453875
15.486196
15.518449
15.550635
15.582755
15.614809
15.646797
15.678720
15.710578
15.742371
15.774101
15.805766
15.837369
15.868908
15.900385
15.931800
15.963153
15.994444
16.025675
16.056844
16.087954
16.119003
16.149992
16.180923
16.211794
16.242606
16.273360
16.304056
16.334695
16.365276
16.395800
16.426267
16.456678
16.487033
16.517332
16.547575
16.577764
16.607897
16.637976
16.668001
16.697972
16.727888
16.757752
16.787562
16.817320
16.847025
16.876678
16.906279
16.935828
16.965325
16.994771
17.024167
17.053511
17.082806
17.112050
17.141244
17.170389
17.199484
17.228530
17.257527
17.286476
17.315376
17.344228
17.373032
17.401789
17.430498
17.459160
17.487774
17.516342
17.544864
17.573339
17.601768
17.630152
17.658490
17.686782
17.715029
17.743231
17.771389
17.799501
17.827570
17.855594
17.883575
17.911512
17.939405
17.967255
17.995062
18.022826
18.050547
18.078226
18.105862
18.133457
18.161009
18.188520
18.215989
18.243417
18.270803
18.298149
18.325454
18.352718
18.379942
18.407125
18.434268
18.461372
18.488436
18.515460
18.542445
18.569390
18.596297
18.623164
18.649993
18.676784
18.703536
18.730250
18.756925
18.783563
18.810164
18.836726
18.863251
18.889739
18.916190
18.942604
18.968981
18.995322
19.021626
19.047894
19.074125
19.100321
19.126480
19.152604
19.178693
19.204746
19.230763
19.256746
19.282693
19.308606
19.334484
19.360327
19.386136
19.411910
19.437650
19.463357
19.489029
19.514668
19.540273
19.565844
19.591382
19.616887
19.642359
19.667797
19.693203
19.718576
19.743917
19.769225
19.794501
19.819744
19.844955
19.870135
19.895282
19.920398
19.945482
19.970535
19.995556
20.020546
20.045505
20.070432
20.095329
20.120195
20.145030
20.169835
20.194610
20.219353
20.244067
20.268751
20.293404
20.318028
20.342622
20.367186
20.391720
20.416225
20.440701
20.465147
20.489565
20.513953
20.538312
20.562642
20.586944
20.611217
20.635461
20.659677
20.683865
20.708024
20.732155
20.756258
20.780333
20.804381
20.828400
20.852392
20.876356
20.900293
20.924203
20.948085
20.971940
20.995768
21.019568
21.043342
21.067089
21.090810
21.114503
21.138171
21.161811
21.185425
21.209013
21.232575
21.256111
21.279621
21.303104
21.326562
21.349994
21.373401
21.396781
21.420137
21.443466
21.466771
21.490050
21.513304
21.536533
21.559737
21.582916
21.606070
21.629199
21.652304
21.675384
21.698439
21.721470
21.744476
21.767459
21.790417
21.813350
21.836260
21.859146
21.882008
21.904845
21.927660
21.950450
21.973217
21.995960
22.018680
22.041376
22.064049
22.086699
22.109325
22.131928
22.154509
22.177066
22.199600
22.222112
22.244601
22.267067
22.289510
22.311931
22.334329
22.356705
22.379058
22.401390
22.423698
22.445985
22.468250
22.490493
22.512713
22.534912
22.557089
22.579244
22.601377
22.623489
22.645579
22.667648
22.689695
22.711721
22.733725
22.755708
22.777670
22.799611
22.821530
22.843429
22.865307
22.887164
22.908999
22.930814
22.952609
22.974383
22.996136
23.017868
23.039580
23.061272
23.082943
23.104594
23.126224
23.147835
23.169425
23.190995
23.212545
23.234075
23.255585
23.277076
23.298546
23.319997
23.341428
23.362839
23.384231
23.405603
23.426956
23.448289
23.469603
23.490897
23.512172
23.533428
23.554665
23.575883
23.597081
23.618261
23.639422
23.660563
23.681686
23.702790
23.723875
23.744942
23.765989
23.787019
23.808029
23.829021
23.849995
23.870950
23.891887
23.912805
23.933705
23.954587
23.975451
23.996297
24.017124
24.037934
24.058725
24.079499
24.100254
24.120992
24.141712
24.162414
24.183099
24.203765
24.224414
24.245046
24.265660
24.286256
24.306836
24.327397
24.347941
24.368468
24.388978
24.409471
24.429946
24.450404
24.470845
24.491269
24.511676
24.532066
24.552439
24.572795
24.593134
24.613457
24.633762
24.654051
24.674324
24.694579
24.714818
24.735041
24.755247
24.775436
24.795610
24.815766
24.835907
24.856031
24.876138
24.896230
24.916305
24.936364
24.956407
24.976434
24.996445
25.016440
25.036419
25.056381
25.076329
25.096260
25.116175
25.136075
25.155959
25.175827
25.195679
25.215516
25.235337
25.255143
25.274933
25.294708
25.314467
25.334211
25.353940
25.373653
25.393351
25.413033
25.432700
25.452353
25.471990
25.491611
25.511218
25.530810
25.550387
25.569948
25.589495
25.609027
25.628544
25.648046
25.667533
25.687006
25.706463
25.725906
25.745335
25.764748
25.784147
25.803532
25.822902
25.842257
25.861598
25.880925
25.900237
25.919534
25.938818
25.958086
25.977341
25.996582
26.015808
26.035020
26.054218
26.073401
26.092571
26.111726
26.130868
26.149995
26.169109
26.188208
26.207294
26.226366
26.245423
26.264468
26.283498
26.302514
26.321517
26.340506
26.359481
26.378443
26.397391
26.416326
26.435246
26.454154
26.473048
26.491928
26.510795
26.529649
26.548489
26.567316
26.586129
26.604929
26.623716
26.642490
26.661250
26.679997
26.698731
26.717452
26.736160
26.754855
26.773536
26.792205
26.810861
26.829503
26.848133
26.866750
26.885354
26.903945
26.922523
26.941089
26.959641
26.978181
26.996708
27.015223
27.033724
27.052213
27.070690
27.089154
27.107605
27.126044
27.144470
27.162884
27.181285
27.199674
27.218050
27.236414
27.254766
27.273105
27.291432
27.309746
27.328049
27.346339
27.364617
27.382882
27.401136
27.419377
27.437607
27.455824
27.474029
27.492222
27.510403
27.528572
27.546729
27.564874
27.583007
27.601128
27.619237
27.637334
27.655420
27.673494
27.691556
27.709606
27.727644
27.745671
27.763686
27.781689
27.799681
27.817661
27.835629
27.853586
27.871531
27.889465
27.907387
27.925298
27.943197
27.961085
27.978961
27.996826
28.014679
28.032521
28.050352
28.068172
28.085980
28.103776
28.121562
28.139336
28.157100
28.174851
28.192592
28.210322
28.228040
28.245748
28.263444
28.281129
28.298803
28.316466
28.334118
28.351759
28.369389
28.387009
28.404617
28.422214
28.439801
28.457376
28.474941
28.492495
28.510038
28.527570
28.545092
28.562602
28.580102
28.597592
28.615070
28.632538
28.649996
28.667442
28.684878
28.702304
28.719719
28.737123
28.754517
28.771900
28.789273
28.806636
28.823987
28.841329
28.858660
28.875981
28.893291
28.910591
28.927880
28.945159
28.962428
28.979687
28.996935
29.014173
29.031401
29.048619
29.065826
29.083023
29.100211
29.117387
29.134554
29.151711
29.168858
29.185994
29.203121
29.220237
29.237343
29.254440
29.271526
29.288603
29.305669
29.322726
29.339773
29.356809
29.373836
29.390853
29.407860
29.424858
29.441845
29.458823
29.475791
29.492749
29.509698
29.526636
29.543565
29.560485
29.577394
29.594294
29.611185
29.628065
29.644936
29.661798
29.678650
29.695492
29.712325
29.729148
29.745962
29.762766
29.779561
29.796346
29.813122
29.829889
29.846646
29.863393
29.880131
29.896860
29.913580
29.930290
29.946991
29.963682
29.980364
29.997037
30.013701
30.030356
30.047001
30.063637
30.080264
30.096881
30.113490
30.130089
30.146679
30.163260
30.179832
30.196395
30.212948
30.229493
30.246029
30.262555
30.279073
30.295581
30.312081
30.328572
30.345053
30.361526
30.377990
30.394444
30.410890
30.427327
30.443756
30.460175
30.476585
30.492987
30.509380
30.525764
30.542139
30.558505
30.574863
30.591212
30.607552
30.623884
30.640206
30.656521
30.672826
30.689123
30.705411
30.721690
30.737961
30.754223
30.770477
30.786722
30.802959
30.819186
30.835406
30.851617
30.867819
30.884013
30.900198
30.916375
30.932544
30.948704
30.964855
30.980998
30.997133
31.013259
31.029377
31.045487
31.061588
31.077681
31.093766
31.109842
31.125910
31.141969
31.158021
31.174064
31.190099
31.206125
31.222144
31.238154
31.254156
31.270150
31.286135
31.302113
31.318082
31.334043
31.349996
31.365941
31.381878
31.397807
31.413727
31.429640
31.445544
31.461441
31.477329
31.493210
31.509082
31.524947
31.540803
31.556651
31.572492
31.588325
31.604149
31.619966
31.635775
31.651576
31.667369
31.683154
31.698931
31.714701
31.730463
31.746216
31.761962
31.777701
31.793431
31.809154
31.824868
31.840576
31.856275
31.871967
31.887650
31.903327
31.918995
31.934656
31.950309
31.965955
31.981592
31.997223
32.012845
32.028460
32.044067
32.059667
32.075259
32.090844
32.106421
32.121990
32.137552
32.153106
32.168653
32.184193
32.199724
32.215249
32.230766
32.246275
32.261777
32.277271
32.292759
32.308238
32.323710
32.339175
32.354633
32.370083
32.385525
32.400961
32.416389
32.431809
32.447223
32.462629
32.478027
32.493419
32.508803
32.524180
32.539549
32.554911
32.570266
32.585614
32.600955
32.616288
32.631614
32.646933
32.662245
32.677550
32.692847
32.708137
32.723421
32.738697
32.753965
32.769227
32.784482
32.799729
32.814970
32.830203
32.845430
32.860649
32.875861
32.891066
32.906265
32.921456
32.936640
32.951817
32.966987
32.982151
32.997307
33.012456
33.027598
33.042734
33.057862
33.072984
33.088098
33.103206
33.118307
33.133401
33.148488
33.163568
33.178642
33.193708
33.208768
33.223821
33.238867
33.253906
33.268938
33.283964
33.298983
33.313995
33.329000
33.343999
33.358991
33.373976
33.388954
33.403926
33.418891
33.433849
33.448800
33.463745
33.478684
33.493615
33.508540
33.523458
33.538370
33.553275
33.568173
33.583065
33.597950
33.612829
33.627701
33.642566
33.657425
33.672277
33.687123
33.701962
33.716795
33.731621
33.746441
33.761254
33.776060
33.790861
33.805654
33.820441
33.835222
33.849996
33.864764
33.879526
33.894281
33.909029
33.923771
33.938507
33.953236
33.967959
33.982676
33.997386
34.012090
34.026787
34.041478
34.056163
34.070842
34.085514
34.100180
34.114839
34.129492
34.144139
34.158780
34.173414
34.188043
34.202664
34.217280
34.231889
34.246493
34.261089
34.275680
34.290265
34.304843
34.319415
34.333981
34.348541
34.363094
34.377642
34.392183
34.406718
34.421247
34.435770
34.450287
34.464797
34.479302
34.493800
34.508293
34.522779
34.537259
34.551733
34.566201
34.580663
34.595119
34.609569
34.624013
34.638451
34.652882
34.667308
34.681728
34.696142
34.710550
34.724951
34.739347
34.753737
34.768121
34.782499
34.796871
34.811237
34.825598
34.839952
34.854300
34.868643
34.882979
34.897310
34.911635
34.925954
34.940267
34.954574
34.968875
34.983171
34.997461
35.011745
35.026023
35.040295
35.054561
35.068822
35.083076
35.097325
35.111569
35.125806
35.140038
35.154264
35.168484
35.182698
35.196907
35.211110
35.225307
35.239498
35.253684
35.267864
35.282039
35.296207
35.310370
35.324528
35.338679
35.352825
35.366966
35.381100
35.395229
35.409353
35.423470
35.437582
35.451689
35.465790
35.479885
35.493975
35.508059
35.522138
35.536210
35.550278
35.564340
35.578396
35.592447
35.606492
35.620531
35.634565
35.648594
35.662617
35.676635
35.690647
35.704653
35.718654
35.732650
35.746640
35.760624
35.774603
35.788577
35.802545
35.816508
35.830465
35.844417
35.858364
35.872305
35.886240
35.900171
35.914095
35.928015
35.941929
35.955838
35.969741
35.983639
35.997531
36.011418
36.025300
36.039177
36.053048
36.066914
36.080774
36.094629
36.108479
36.122323
36.136163
36.149997
36.163825
36.177649
36.191467
36.205279
36.219087
36.232889
36.246686
36.260478
36.274264
36.288046
36.301822
36.315592
36.329358
36.343118
36.356874
36.370623
36.384368
36.398108
36.411842
36.425571
36.439295
36.453014
36.466728
36.480437
36.494140
36.507838
36.521531
36.535219
36.548902
36.562580
36.576253
36.589920
36.603583
36.617240
36.630892
36.644539
36.658181
36.671818
36.685450
36.699077
36.712699
36.726316
36.739927
36.753534
36.767136
36.780732
36.794324
36.807910
36.821492
36.835068
36.848640
36.862206
36.875768
36.889324
36.902876
36.916423
36.929964
36.943501
36.957033
36.970559
36.984081
36.997598
37.011110
37.024617
37.038119
37.051616
37.065108
37.078596
37.092078
37.105556
37.119028
37.132496
37.145959
37.159417
37.172870
37.186318
37.199761
37.213200
37.226634
37.240062
37.253486
37.266906
37.280320
37.293729
37.307134
37.320534
37.333929
37.347319
37.360705
37.374085
37.387461
37.400832
37.414199
37.427560
37.440917
37.454269
37.467616
37.480959
37.494296
37.507629
37.520958
37.534281
37.547600
37.560914
37.574223
37.587528
37.600828
37.614123
37.627414
37.640699
37.653981
37.667257
37.680529
37.693796
37.707058
37.720316
37.733569
37.746818
37.760062
37.773301
37.786535
37.799765
37.812991
37.826211
37.839427
37.852639
37.865845
37.879048
37.892245
37.905438
37.918627
37.931811
37.944990
37.958165
37.971335
37.984500
37.997661
38.010818
38.023969
38.037117
38.050260
38.063398
38.076532
38.089661
38.102785
38.115906
38.129021
38.142132
38.155239
38.168341
38.181439
38.194532
38.207620
38.220705
38.233784
38.246859
38.259930
38.272996
38.286058
38.299116
38.312168
38.325217
38.338261
38.351301
38.364336
38.377366
38.390393
38.403415
38.416432
38.429445
38.442454
38.455458
38.468458
38.481453
38.494444
38.507431
38.520413
38.533391
38.546365
38.559334
38.572299
38.585260
38.598216
38.611167
38.624115
38.637058
38.649997
38.662931
38.675861
38.688787
38.701709
38.714626
38.727539
38.740447
38.753352
38.766251
38.779147
38.792039
38.804926
38.817808
38.830687
38.843561
38.856431
38.869297
38.882159
38.895016
38.907869
38.920718
38.933562
38.946402
38.959238
38.972070
38.984898
38.997721
39.010540
39.023355
39.036166
39.048973
39.061775
39.074573
39.087367
39.100157
39.112942
39.125724
39.138501
39.151274
39.164043
39.176808
39.189568
39.202325
39.215077
39.227825
39.240569
39.253309
39.266045
39.278776
39.291504
39.304227
39.316946
39.329661
39.342372
39.355079
39.367782
39.380481
39.393175
39.405866
39.418552
39.431234
39.443913
39.456587
39.469257
39.481923
39.494585
39.507243
39.519897
39.532547
39.545193
39.557834
39.570472
39.583106
39.595735
39.608361
39.620982
39.633600
39.646214
39.658823
39.671429
39.684030
39.696628
39.709221
39.721811
39.734396
39.746978
39.759555
39.772129
39.784699
39.797264
39.809826
39.822384
39.834938
39.847487
39.860033
39.872575
39.885113
39.897647
39.910177
39.922703
39.935226
39.947744
39.960258
39.972769
39.985275
39.997778
40.010277
40.022772
40.035263
40.047750
40.060233
40.072712
40.085187
40.097659
40.110127
40.122590
40.135050
40.147506
40.159958
40.172407
40.184851
40.197292
40.209728
40.222161
40.234590
40.247015
40.259437
40.271854
40.284268
40.296678
40.309084
40.321486
40.333885
40.346279
40.358670
40.371057
40.383440
40.395820
40.408195
40.420567
40.432935
40.445300
40.457660
40.470017
40.482370
40.494719
40.507064
40.519406
40.531744
40.544078
40.556408
40.568735
40.581058
40.593377
40.605692
40.618004
40.630312
40.642616
40.654917
40.667213
40.679507
40.691796
40.704082
40.716363
40.728642
40.740916
40.753187
40.765454
40.777718
40.789977
40.802233
40.814486
40.826735
40.838980
40.851221
40.863459
40.875693
40.887923
40.900150
40.912373
40.924592
40.936808
40.949020
40.961229
40.973434
40.985635
40.997832
41.010026
41.022217
41.034403
41.046586
41.058766
41.070942
41.083114
41.095283
41.107448
41.119609
41.131767
41.143921
41.156072
41.168219
41.180362
41.192502
41.204639
41.216772
41.228901
41.241026
41.253148
41.265267
41.277382
41.289493
41.301601
41.313705
41.325806
41.337903
41.349997
41.362087
41.374174
41.386257
41.398336
41.410412
41.422485
41.434554
41.446619
41.458681
41.470740
41.482795
41.494846
41.506894
41.518938
41.530979
41.543017
41.555051
41.567081
41.579108
41.591132
41.603152
41.615169
41.627182
41.639191
41.651198
41.663200
41.675200
41.687195
41.699188
41.711177
41.723162
41.735144
41.747123
41.759098
41.771070
41.783038
41.795003
41.806964
41.818922
41.830877
41.842828
41.854776
41.866720
41.878661
41.890599
41.902533
41.914464
41.926391
41.938315
41.950235
41.962153
41.974066
41.985977
41.997884
42.009788
42.021688
42.033585
42.045478
42.057369
42.069255
42.081139
42.093019
42.104896
42.116769
42.128639
42.140506
42.152369
42.164230
42.176086
42.187940
42.199790
42.211636
42.223480
42.235320
42.247157
42.258990
42.270820
42.282647
42.294471
42.306291
42.318108
42.329921
42.341732
42.353539
42.365343
42.377143
42.388940
42.400734
42.412525
42.424312
42.436096
42.447877
42.459654
42.471429
42.483200
42.494967
42.506732
42.518493
42.530251
42.542006
42.553757
42.565505
42.577250
42.588992
42.600731
42.612466
42.624198
42.635927
42.647652
42.659375
42.671094
42.682810
42.694523
42.706232
42.717938
42.729641
42.741341
42.753038
42.764731
42.776422
42.788109
42.799793
42.811473
42.823151
42.834825
42.846496
42.858164
42.869829
42.881491
42.893149
42.904805
42.916457
42.928106
42.939751
42.951394
42.963034
42.974670
42.986303
42.997933
43.009560
43.021184
43.032804
43.044422
43.056036
43.067647
43.079255
43.090860
43.102462
43.114061
43.125657
43.137249
43.148838
43.160425
43.172008
43.183588
43.195165
43.206739
43.218309
43.229877
43.241441
43.253003
43.264561
43.276116
43.287669
43.299218
43.310764
43.322307
43.333847
43.345383
43.356917
43.368448
43.379975
43.391500
43.403021
43.414540
43.426055
43.437567
43.449077
43.460583
43.472086
43.483586
43.495083
43.506577
43.518068
43.529556
43.541041
43.552523
43.564002
43.575478
43.586950
43.598420
43.609887
43.621351
43.632812
43.644269
43.655724
43.667176
43.678625
43.690070
43.701513
43.712953
43.724390
43.735823
43.747254
43.758682
43.770107
43.781529
43.792948
43.804363
43.815776
43.827186
43.838593
43.849997
43.861398
43.872796
43.884191
43.895584
43.906973
43.918359
43.929742
43.941123
43.952500
43.963874
43.975246
43.986614
43.997980
44.009343
44.020703
44.032059
44.043413
44.054764
44.066112
44.077457
44.088800
44.100139
44.111475
44.122809
44.134139
44.145467
44.156792
44.168114
44.179432
44.190749
44.202062
44.213372
44.224679
44.235984
44.247285
44.258584
44.269880
44.281173
44.292463
44.303750
44.315034
44.326316
44.337594
44.348870
44.360143
44.371413
44.382680
44.393944
44.405205
44.416464
44.427719
44.438972
44.450222
44.461469
44.472714
44.483955
44.495194
44.506429
44.517662
44.528892
44.540120
44.551344
44.562566
44.573784
44.585000
44.596213
44.607424
44.618631
44.629836
44.641038
44.652237
44.663433
44.674627
44.685817
44.697005
44.708190
44.719372
44.730552
44.741728
44.752902
44.764073
44.775242
44.786407
44.797570
44.808730
44.819887
44.831041
44.842193
44.853342
44.864488
44.875631
44.886771
44.897909
44.909044
44.920176
44.931306
44.942433
44.953557
44.964678
44.975796
44.986912
44.998025
45.009135
45.020243
45.031347
45.042449
45.053549
45.064645
45.075739
45.086830
45.097919
45.109004
45.120087
45.131167
45.142245
45.153319
45.164391
45.175461
45.186527
45.197591
45.208652
45.219711
45.230767
45.241820
45.252870
45.263918
45.274963
45.286005
45.297045
45.308082
45.319116
45.330147
45.341176
45.352202
45.363226
45.374247
45.385265
45.396280
45.407293
45.418303
45.429311
45.440315
45.451317
45.462317
45.473314
45.484308
45.495299
45.506288
45.517274
45.528258
45.539239
45.550217
45.561192
45.572165
45.583136
45.594103
45.605068
45.616031
45.626990
45.637948
45.648902
45.659854
45.670803
45.681750
45.692694
45.703635
45.714574
45.725510
45.736443
45.747374
45.758303
45.769228
45.780151
45.791072
45.801990
45.812905
45.823818
45.834728
45.845635
45.856540
45.867442
45.878342
45.889239
45.900133
45.911025
45.921915
45.932801
45.943686
45.954567
45.965446
45.976323
45.987197
45.998068
46.008937
46.019803
46.030666
46.041527
46.052386
46.063242
46.074095
46.084946
46.095794
46.106640
46.117483
46.128324
46.139162
46.149997
46.160830
46.171661
46.182489
46.193314
46.204137
46.214957
46.225775
46.236590
46.247403
46.258213
46.269020
46.279826
46.290628
46.301428
46.312226
46.323021
46.333813
46.344603
46.355391
46.366176
46.376958
46.387738
46.398516
46.409291
46.420063
46.430833
46.441600
46.452365
46.463128
46.473888
46.484645
46.495400
46.506153
46.516903
46.527650
46.538395
46.549138
46.559878
46.570616
46.581351
46.592084
46.602814
46.613542
46.624267
46.634990
46.645710
46.656428
46.667143
46.677856
46.688567
46.699275
46.709980
46.720683
46.731384
46.742082
46.752778
46.763471
46.774162
46.784851
46.795537
46.806220
46.816901
46.827580
46.838256
46.848930
46.859602
46.870270
46.880937
46.891601
46.902263
46.912922
46.923579
46.934233
46.944885
46.955535
46.966182
46.976827
46.987469
46.998109
47.008747
47.019382
47.030014
47.040645
47.051273
47.061898
47.072521
47.083142
47.093760
47.104376
47.114990
47.125601
47.136210
47.146816
47.157420
47.168022
47.178621
47.189218
47.199812
47.210404
47.220994
47.231581
47.242166
47.252749
47.263329
47.273907
47.284482
47.295055
47.305626
47.316194
47.326760
47.337324
47.347885
47.358444
47.369001
47.379555
47.390107
47.400657
47.411204
47.421749
47.432291
47.442831
47.453369
47.463905
47.474438
47.484969
47.495497
47.506023
47.516547
47.527069
47.537588
47.548105
47.558619
47.569131
47.579641
47.590149
47.600654
47.611157
47.621657
47.632156
47.642652
47.653145
47.663637
47.674126
47.684612
47.695097
47.705579
47.716059
47.726536
47.737011
47.747484
47.757955
47.768423
47.778889
47.789353
47.799814
47.810274
47.820730
47.831185
47.841637
47.852087
47.862535
47.872980
47.883424
47.893864
47.904303
47.914739
47.925173
47.935605
47.946035
47.956462
47.966887
47.977310
47.987730
47.998148
48.008564
48.018978
48.029389
48.039799
48.050206
48.060610
48.071013
48.081413
48.091811
48.102206
48.112600
48.122991
48.133380
48.143767
48.154151
48.164533
48.174913
48.185291
48.195666
48.206040
48.216411
48.226779
48.237146
48.247510
48.257872
48.268232
48.278590
48.288945
48.299299
48.309650
48.319998
48.330345
48.340689
48.351032
48.361372
48.371709
48.382045
48.392378
48.402709
48.413038
48.423365
48.433689
48.444012
48.454332
48.464650
48.474965
48.485279
48.495590
48.505899
48.516206
48.526511
48.536813
48.547114
48.557412
48.567708
48.578002
48.588293
48.598583
48.608870
48.619155
48.629438
48.639719
48.649997
48.660274
48.670548
48.680820
48.691090
48.701358
48.711623
48.721887
48.732148
48.742407
48.752664
48.762919
48.773171
48.783422
48.793670
48.803916
48.814160
48.824402
48.834642
48.844880
48.855115
48.865348
48.875579
48.885808
48.896035
48.906260
48.916482
48.926703
48.936921
48.947137
48.957351
48.967563
48.977773
48.987981
48.998186
49.008390
49.018591
49.028790
49.038987
49.049182
49.059375
49.069565
49.079754
49.089940
49.100125
49.110307
49.120487
49.130665
49.140841
49.151015
49.161186
49.171356
49.181523
49.191689
49.201852
49.212013
49.222172
49.232329
49.242484
49.252637
49.262788
49.272936
49.283083
49.293227
49.303370
49.313510
49.323648
49.333784
49.343918
49.354050
49.364180
49.374308
49.384433
49.394557
49.404678
49.414798
49.424915
49.435031
49.445144
49.455255
49.465364
49.475471
49.485576
49.495679
49.505780
49.515879
49.525976
49.536070
49.546163
49.556253
49.566342
49.576428
49.586513
49.596595
49.606675
49.616754
49.626830
49.636904
49.646976
49.657046
49.667114
49.677180
49.687244
49.697306
49.707366
49.717424
49.727480
49.737534
49.747585
49.757635
49.767683
49.777728
49.787772
49.797814
49.807853
49.817891
49.827926
49.837960
49.847991
49.858021
49.868048
49.878074
49.888097
49.898119
49.908138
49.918156
49.928171
49.938184
49.948196
49.958205
49.968212
49.978218
49.988221
49.998223
50.008222
50.018219
50.028215
50.038208
50.048199
50.058189
50.068176
50.078161
50.088145
50.098126
50.108106
50.118083
50.128059
50.138032
50.148003
50.157973
50.167940
50.177906
50.187870
50.197831
50.207791
50.217748
50.227704
50.237658
50.247609
50.257559
50.267507
50.277453
50.287397
50.297338
50.307278
50.317216
50.327152
50.337086
50.347018
50.356948
50.366877
50.376803
50.386727
50.396649
50.406570
50.416488
50.426404
50.436319
50.446231
50.456142
50.466051
50.475957
50.485862
50.495765
50.505666
50.515564
50.525461
50.535356
50.545250
50.555141
50.565030
50.574917
50.584803
50.594686
50.604568
50.614447
50.624325
50.634200
50.644074
50.653946
50.663816
50.673684
50.683550
50.693414
50.703277
50.713137
50.722995
50.732852
50.742706
50.752559
50.762410
50.772259
50.782106
50.791951
50.801794
50.811635
50.821474
50.831312
50.841147
50.850981
50.860813
50.870642
50.880470
50.890296
50.900120
50.909943
50.919763
50.929581
50.939398
50.949212
50.959025
50.968836
50.978645
50.988452
50.998257
51.008061
51.017862
51.027662
51.037459
51.047255
51.057049
51.066841
51.076631
51.086419
51.096206
51.105990
51.115773
51.125554
51.135333
51.145110
51.154885
51.164658
51.174430
51.184199
51.193967
51.203733
51.213497
51.223259
51.233019
51.242778
51.252534
51.262289
51.272042
51.281793
51.291542
51.301289
51.311034
51.320778
51.330520
51.340260
51.349998
51.359734
51.369468
51.379201
51.388931
51.398660
51.408387
51.418112
51.427835
51.437557
51.447276
51.456994
51.466710
51.476424
51.486137
51.495847
51.505556
51.515262
51.524967
51.534670
51.544372
51.554071
51.563769
51.573465
51.583159
51.592851
51.602541
51.612230
51.621916
51.631601
51.641284
51.650966
51.660645
51.670323
51.679999
51.689673
51.699345
51.709015
51.718684
51.728351
51.738016
51.747679
51.757340
51.767000
51.776657
51.786313
51.795968
51.805620
51.815270
51.824919
51.834566
51.844211
51.853855
51.863496
51.873136
51.882774
51.892410
51.902045
51.911677
51.921308
51.930937
51.940565
51.950190
51.959814
51.969436
51.979056
51.988674
51.998291
52.007906
52.017519
52.027130
52.036739
52.046347
52.055953
52.065557
52.075160
52.084760
52.094359
52.103956
52.113552
52.123145
52.132737
52.142327
52.151915
52.161502
52.171086
52.180669
52.190251
52.199830
52.209408
52.218984
52.228558
52.238130
52.247701
52.257270
52.266837
52.276402
52.285966
52.295528
52.305088
52.314647
52.324203
52.333758
52.343311
52.352863
52.362413
52.371961
52.381507
52.391051
52.400594
52.410135
52.419674
52.429212
52.438748
52.448282
52.457814
52.467345
52.476874
52.486401
52.495926
52.505450
52.514972
52.524492
52.534010
52.543527
52.553042
52.562556
52.572067
52.581577
52.591085
52.600592
52.610096
52.619600
52.629101
52.638600
52.648098
52.657594
52.667089
52.676582
52.686073
52.695562
52.705050
52.714536
52.724020
52.733502
52.742983
52.752462
52.761939
52.771415
52.780889
52.790361
52.799832
52.809301
52.818768
52.828233
52.837697
52.847159
52.856620
52.866078
52.875535
52.884991
52.894444
52.903896
52.913347
52.922795
52.932242
52.941687
52.951131
52.960573
52.970013
52.979451
52.988888
52.998323
53.007757
53.017188
53.026618
53.036047
53.045473
53.054898
53.064322
53.073744
53.083164
53.092582
53.101999
53.111414
53.120827
53.130239
53.139649
53.149057
53.158464
53.167869
53.177272
53.186674
53.196074
53.205472
53.214869
53.224264
53.233657
53.243049
53.252439
53.261827
53.271214
53.280599
53.289983
53.299364
53.308745
53.318123
53.327500
53.336875
53.346249
53.355621
53.364991
53.374360
53.383726
53.393092
53.402455
53.411818
53.421178
53.430537
53.439894
53.449249
53.458603
53.467955
53.477306
53.486655
53.496002
53.505348
53.514692
53.524034
53.533375
53.542714
53.552052
53.561388
53.570722
53.580055
53.589386
53.598715
53.608043
53.617369
53.626693
53.636016
53.645338
53.654657
53.663975
53.673292
53.682607
53.691920
53.701231
53.710541
53.719850
53.729156
53.738462
53.747765
53.757067
53.766367
53.775666
53.784963
53.794259
53.803552
53.812845
53.822135
53.831424
53.840712
53.849998
53.859282
53.868565
53.877846
53.887125
53.896403
53.905679
53.914954
53.924227
53.933498
53.942768
53.952037
53.961303
53.970568
53.979832
53.989094
53.998354
54.007613
54.016870
54.026126
54.035380
54.044632
54.053883
54.063132
54.072380
54.081626
54.090870
54.100113
54.109355
54.118594
54.127833
54.137069
54.146304
54.155538
54.164769
54.174000
54.183229
54.192456
54.201681
54.210905
54.220128
54.229349
54.238568
54.247786
54.257002
54.266217
54.275430
54.284641
54.293851
54.303059
54.312266
54.321471
54.330675
54.339877
54.349078
54.358277
54.367474
54.376670
54.385864
54.395057
54.404248
54.413438
54.422626
54.431813
54.440998
54.450181
54.459363
54.468544
54.477723
54.486900
54.496076
54.505250
54.514422
54.523594
54.532763
54.541931
54.551098
54.560263
54.569426
54.578588
54.587748
54.596907
54.606064
54.615220
54.624374
54.633527
54.642678
54.651828
54.660976
54.670122
54.679267
54.688411
54.697553
54.706693
54.715832
54.724969
54.734105
54.743239
54.752372
54.761503
54.770633
54.779761
54.788888
54.798013
54.807137
54.816259
54.825380
54.834499
54.843616
54.852732
54.861847
54.870960
54.880072
54.889182
54.898290
54.907397
54.916503
54.925607
54.934709
54.943810
54.952909
54.962007
54.971104
54.980199
54.989292
54.998384
55.007475
55.016563
55.025651
55.034737
55.043821
55.052904
55.061986
55.071065
55.080144
55.089221
55.098296
55.107370
55.116443
55.125514
55.134583
55.143651
55.152718
55.161783
55.170846
55.179908
55.188969
55.198028
55.207085
55.216141
55.225196
55.234249
55.243301
55.252351
55.261399
55.270446
55.279492
55.288536
55.297579
55.306620
55.315660
55.324698
55.333735
55.342771
55.351804
55.360837
55.369868
55.378897
55.387925
55.396952
55.405977
55.415000
55.424022
55.433043
55.442062
55.451080
55.460096
55.469111
55.478124
55.487136
55.496146
55.505155
55.514163
55.523169
55.532173
55.541176
55.550178
55.559178
55.568177
55.577174
55.586170
55.595164
55.604157
55.613148
55.622138
55.631127
55.640114
55.649099
55.658083
55.667066
55.676047
55.685027
55.694006
55.702982
55.711958
55.720932
55.729904
55.738876
55.747845
55.756814
55.765780
55.774746
55.783710
55.792672
55.801633
55.810593
55.819551
55.828508
55.837463
55.846417
55.855369
55.864320
55.873270
55.882218
55.891164
55.900110
55.909053
55.917996
55.926937
55.935876
55.944814
55.953751
55.962686
55.971620
55.980552
55.989483
55.998413
56.007341
56.016268
56.025193
56.034117
56.043039
56.051960
56.060880
56.069798
56.078715
56.087630
56.096544
56.105457
56.114368
56.123277
56.132186
56.141092
56.149998
56.158902
56.167804
56.176706
56.185605
56.194504
56.203401
56.212296
56.221190
56.230083
56.238975
56.247864
56.256753
56.265640
56.274526
56.283410
56.292293
56.301175
56.310055
56.318933
56.327811
56.336687
56.345561
56.354434
56.363306
56.372176
56.381045
56.389913
56.398779
56.407644
56.416507
56.425369
56.434229
56.443089
56.451946
56.460803
56.469658
56.478511
56.487364
56.496215
56.505064
56.513912
56.522759
56.531604
56.540448
56.549290
56.558132
56.566971
56.575810
56.584647
56.593482
56.602317
56.611150
56.619981
56.628811
56.637640
56.646467
56.655293
56.664118
56.672941
56.681763
56.690583
56.699403
56.708220
56.717037
56.725852
56.734665
56.743478
56.752289
56.761098
56.769906
56.778713
56.787518
56.796323
56.805125
56.813927
56.822727
56.831525
56.840322
56.849118
56.857913
56.866706
56.875498
56.884288
56.893077
56.901865
56.910651
56.919437
56.928220
56.937002
56.945783
56.954563
56.963341
56.972118
56.980894
56.989668
56.998441
57.007212
57.015982
57.024751
57.033519
57.042285
57.051050
57.059813
57.068575
57.077336
57.086095
57.094853
57.103610
57.112365
57.121119
57.129872
57.138623
57.147373
57.156122
57.164869
57.173615
57.182360
57.191103
57.199845
57.208585
57.217325
57.226063
57.234799
57.243535
57.252269
57.261001
57.269732
57.278462
57.287191
57.295918
57.304644
57.313369
57.322092
57.330814
57.339535
57.348254
57.356972
57.365689
57.374404
57.383118
57.391831
57.400542
57.409252
57.417961
57.426668
57.435375
57.444079
57.452783
57.461485
57.470186
57.478885
57.487583
57.496280
57.504976
57.513670
57.522363
57.531055
57.539745
57.548434
57.557122
57.565808
57.574493
57.583177
57.591859
57.600540
57.609220
57.617899
57.626576
57.635252
57.643926
57.652600
57.661272
57.669942
57.678612
57.687280
57.695947
57.704612
57.713276
57.721939
57.730601
57.739261
57.747920
57.756578
57.765234
57.773889
57.782543
57.791195
57.799846
57.808496
57.817145
57.825792
57.834438
57.843083
57.851726
57.860369
57.869009
57.877649
57.886287
57.894924
57.903560
57.912194
57.920827
57.929459
57.938090
57.946719
57.955347
57.963974
57.972599
57.981223
57.989846
57.998468
58.007088
58.015707
58.024325
58.032941
58.041556
58.050170
58.058783
58.067394
58.076004
58.084613
58.093220
58.101827
58.110432
58.119035
58.127638
58.136239
58.144839
58.153437
58.162034
58.170631
58.179225
58.187819
58.196411
58.205002
58.213592
58.222180
58.230767
58.239353
58.247938
58.256521
58.265103
58.273684
58.282264
58.290842
58.299419
58.307995
58.316569
58.325143
58.333715
58.342285
58.350855
58.359423
58.367990
58.376556
58.385120
58.393683
58.402245
58.410806
58.419365
58.427924
58.436481
58.445036
58.453591
58.462144
58.470696
58.479246
58.487796
58.496344
58.504891
58.513437
58.521981
58.530524
58.539066
58.547607
58.556146
58.564684
58.573221
58.581757
58.590291
58.598825
58.607357
58.615887
58.624417
58.632945
58.641472
58.649998
58.658522
58.667046
58.675568
58.684089
58.692608
58.701127
58.709644
58.718159
58.726674
58.735188
58.743700
58.752211
58.760720
58.769229
58.777736
58.786242
58.794747
58.803250
58.811753
58.820254
58.828754
58.837252
58.845750
58.854246
58.862741
58.871235
58.879727
58.888218
58.896708
58.905197
58.913685
58.922171
58.930656
58.939140
58.947623
58.956104
58.964585
58.973064
58.981542
58.990018
58.998494
59.006968
59.015441
59.023913
59.032383
59.040852
59.049321
59.057787
59.066253
59.074718
59.083181
59.091643
59.100104
59.108563
59.117022
59.125479
59.133935
59.142390
59.150843
59.159296
59.167747
59.176197
59.184645
59.193093
59.201539
59.209984
59.218428
59.226871
59.235313
59.243753
59.252192
59.260630
59.269067
59.277502
59.285936
59.294369
59.302801
59.311232
59.319662
59.328090
59.336517
59.344943
59.353368
59.361791
59.370214
59.378635
59.387055
59.395473
59.403891
59.412307
59.420722
59.429136
59.437549
59.445961
59.454371
59.462780
59.471188
59.479595
59.488001
59.496405
59.504809
59.513211
59.521612
59.530011
59.538410
59.546807
59.555203
59.563598
59.571992
59.580385
59.588776
59.597166
59.605556
59.613943
59.622330
59.630716
59.639100
59.647483
59.655865
59.664246
59.672626
59.681004
59.689381
59.697758
59.706132
59.714506
59.722879
59.731250
59.739620
59.747990
59.756357
59.764724
59.773090
59.781454
59.789817
59.798179
59.806540
59.814900
59.823258
59.831616
59.839972
59.848327
59.856681
59.865034
59.873385
59.881736
59.890085
59.898433
59.906780
59.915125
59.923470
59.931813
59.940156
59.948497
59.956837
59.965175
59.973513
59.981849
59.990185
59.998519
60.006852
60.015184
60.023514
60.031844
60.040172
60.048499
60.056825
60.065150
60.073474
60.081796
60.090118
60.098438
60.106757
60.115075
60.123392
60.131708
60.140022
60.148335
60.156648
60.164959
60.173269
60.181577
60.189885
60.198191
60.206497
60.214801
60.223104
60.231406
60.239707
60.248006
60.256305
60.264602
60.272898
60.281193
60.289487
60.297780
60.306071
60.314362
60.322651
60.330939
60.339226
60.347512
60.355797
60.364081
60.372363
60.380645
60.388925
60.397204
60.405482
60.413759
60.422035
60.430309
60.438582
60.446855
60.455126
60.463396
60.471665
60.479933
60.488199
60.496465
60.504729
60.512992
60.521255
60.529516
60.537775
60.546034
60.554292
60.562548
60.570804
60.579058
60.587311
60.595563
60.603814
60.612064
60.620312
60.628560
60.636806
60.645051
60.653295
60.661539
60.669780
60.678021
60.686261
60.694499
60.702737
60.710973
60.719208
60.727442
60.735675
60.743907
60.752138
60.760367
60.768596
60.776823
60.785050
60.793275
60.801499
60.809722
60.817944
60.826164
60.834384
60.842602
60.850820
60.859036
60.867251
60.875465
60.883678
60.891890
60.900101
60.908310
60.916519
60.924726
60.932932
60.941138
60.949342
60.957545
60.965747
60.973947
60.982147
60.990346
60.998543
61.006739
61.014935
61.023129
61.031322
61.039514
61.047705
61.055895
61.064083
61.072271
61.080457
61.088643
61.096827
61.105010
61.113192
61.121373
61.129553
61.137732
61.145910
61.154086
61.162262
61.170436
61.178609
61.186782
61.194953
61.203123
61.211292
61.219460
61.227627
61.235792
61.243957
61.252120
61.260283
61.268444
61.276604
61.284764
61.292922
61.301079
61.309235
61.317389
61.325543
61.333696
61.341847
61.349998
61.358147
61.366296
61.374443
61.382589
61.390734
61.398878
61.407021
61.415163
61.423304
61.431444
61.439582
61.447720
61.455856
61.463992
61.472126
61.480259
61.488391
61.496522
61.504652
61.512781
61.520909
61.529036
61.537162
61.545286
61.553410
61.561532
61.569654
61.577774
61.585893
61.594012
61.602129
61.610245
61.618360
61.626474
61.634587
61.642698
61.650809
61.658919
61.667027
61.675135
61.683241
61.691347
61.699451
61.707554
61.715656
61.723758
61.731858
61.739957
61.748055
61.756152
61.764247
61.772342
61.780436
61.788528
61.796620
61.804711
61.812800
61.820888
61.828976
61.837062
61.845147
61.853232
61.861315
61.869397
61.877478
61.885558
61.893637
61.901714
61.909791
61.917867
61.925942
61.934015
61.942088
61.950159
61.958230
61.966299
61.974368
61.982435
61.990501
61.998567
62.006631
62.014694
62.022756
62.030817
62.038877
62.046936
62.054994
62.063051
62.071106
62.079161
62.087215
62.095268
62.103319
62.111370
62.119419
62.127468
62.135515
62.143562
62.151607
62.159651
62.167695
62.175737
62.183778
62.191818
62.199857
62.207895
62.215932
62.223968
62.232003
62.240037
62.248070
62.256102
62.264133
62.272163
62.280192
62.288219
62.296246
62.304272
62.312296
62.320320
62.328342
62.336364
62.344384
62.352404
62.360422
62.368440
62.376456
62.384471
62.392486
62.400499
62.408511
62.416522
62.424532
62.432542
62.440550
62.448557
62.456563
62.464568
62.472572
62.480575
62.488577
62.496578
62.504578
62.512577
62.520575
62.528571
62.536567
62.544562
62.552556
62.560549
62.568540
62.576531
62.584521
62.592510
62.600497
62.608484
62.616470
62.624454
62.632438
62.640420
62.648402
62.656382
62.664362
62.672340
62.680318
62.688294
62.696270
62.704244
62.712218
62.720190
62.728162
62.736132
62.744101
62.752070
62.760037
62.768003
62.775969
62.783933
62.791896
62.799859
62.807820
62.815780
62.823740
62.831698
62.839655
62.847611
62.855567
62.863521
62.871474
62.879426
62.887378
62.895328
62.903277
62.911225
62.919172
62.927119
62.935064
62.943008
62.950951
62.958893
62.966835
62.974775
62.982714
62.990652
62.998589
63.006525
63.014461
63.022395
63.030328
63.038260
63.046191
63.054122
63.062051
63.069979
63.077906
63.085832
63.093758
63.101682
63.109605
63.117527
63.125449
63.133369
63.141288
63.149206
63.157124
63.165040
63.172955
63.180869
63.188783
63.196695
63.204606
63.212517
63.220426
63.228334
63.236242
63.244148
63.252053
63.259958
63.267861
63.275764
63.283665
63.291565
63.299465
63.307363
63.315261
63.323157
63.331053
63.338947
63.346841
63.354733
63.362625
63.370516
63.378405
63.386294
63.394182
63.402068
63.409954
63.417839
63.425722
63.433605
63.441487
63.449368
63.457247
63.465126
63.473004
63.480881
63.488757
63.496632
63.504506
63.512379
63.520251
63.528122
63.535992
63.543861
63.551729
63.559596
63.567462
63.575327
63.583192
63.591055
63.598917
63.606778
63.614639
63.622498
63.630356
63.638214
63.646070
63.653926
63.661780
63.669634
63.677486
63.685338
63.693188
63.701038
63.708887
63.716734
63.724581
63.732427
63.740272
63.748116
63.755959
63.763800
63.771641
63.779481
63.787320
63.795159
63.802996
63.810832
63.818667
63.826501
63.834334
63.842167
63.849998
63.857828
63.865658
63.873486
63.881314
63.889140
63.896966
63.904791
63.912614
63.920437
63.928259
63.936079
63.943899
63.951718
63.959536
63.967353
63.975169
63.982984
63.990798
63.998611
64.006424
64.014235
64.022045
64.029854
64.037663
64.045470
64.053277
64.061082
64.068887
64.076690
64.084493
64.092295
64.100096
64.107895
64.115694
64.123492
64.131289
64.139085
64.146880
64.154674
64.162468
64.170260
64.178051
64.185842
64.193631
64.201419
64.209207
64.216993
64.224779
64.232564
64.240348
64.248130
64.255912
64.263693
64.271473
64.279252
64.287030
64.294807
64.302584
64.310359
64.318133
64.325907
64.333679
64.341451
64.349221
64.356991
64.364759
64.372527
64.380294
64.388060
64.395825
64.403589
64.411352
64.419114
64.426875
64.434636
64.442395
64.450153
64.457911
64.465667
64.473423
64.481178
64.488931
64.496684
64.504436
64.512187
64.519937
64.527686
64.535434
64.543181
64.550928
64.558673
64.566417
64.574161
64.581903
64.589645
64.597386
64.605126
64.612864
64.620602
64.628339
64.636075
64.643811
64.651545
64.659278
64.667011
64.674742
64.682473
64.690202
64.697931
64.705659
64.713385
64.721111
64.728836
64.736560
64.744284
64.752006
64.759727
64.767447
64.775167
64.782885
64.790603
64.798320
64.806036
64.813750
64.821464
64.829177
64.836890
64.844601
64.852311
64.860020
64.867729
64.875436
64.883143
64.890849
64.898554
64.906257
64.913960
64.921662
64.929364
64.937064
64.944763
64.952461
64.960159
64.967856
64.975551
64.983246
64.990940
64.998633
65.006325
65.014016
65.021706
65.029395
65.037084
65.044771
65.052458
65.060143
65.067828
65.075512
65.083195
65.090877
65.098558
65.106238
65.113918
65.121596
65.129273
65.136950
65.144626
65.152300
65.159974
65.167647
65.175319
65.182991
65.190661
65.198330
65.205999
65.213666
65.221333
65.228999
65.236663
65.244327
65.251990
65.259653
65.267314
65.274974
65.282634
65.290292
65.297950
65.305607
65.313262
65.320917
65.328571
65.336225
65.343877
65.351528
65.359179
65.366828
65.374477
65.382125
65.389772
65.397418
65.405063
65.412707
65.420350
65.427993
65.435634
65.443275
65.450915
65.458554
65.466192
65.473829
65.481465
65.489100
65.496735
65.504368
65.512001
65.519633
65.527263
65.534893
65.542522
65.550151
65.557778
65.565404
65.573030
65.580655
65.588278
65.595901
65.603523
65.611144
65.618764
65.626384
65.634002
65.641620
65.649237
65.656852
65.664467
65.672081
65.679694
65.687307
65.694918
65.702529
65.710138
65.717747
65.725355
65.732962
65.740568
65.748173
65.755777
65.763381
65.770983
65.778585
65.786186
65.793786
65.801385
65.808983
65.816580
65.824177
65.831772
65.839367
65.846961
65.854554
65.862146
65.869737
65.877327
65.884917
65.892505
65.900093
65.907680
65.915266
65.922851
65.930435
65.938018
65.945601
65.953182
65.960763
65.968343
65.975922
65.983500
65.991077
65.998653
66.006229
66.013804
66.021377
66.028950
66.036522
66.044093
66.051664
66.059233
66.066801
66.074369
66.081936
66.089502
66.097067
66.104631
66.112194
66.119757
66.127319
66.134879
66.142439
66.149998
66.157556
66.165114
66.172670
66.180226
66.187780
66.195334
66.202887
66.210439
66.217990
66.225541
66.233090
66.240639
66.248187
66.255734
66.263280
66.270825
66.278369
66.285913
66.293456
66.300997
66.308538
66.316078
66.323618
66.331156
66.338693
66.346230
66.353766
66.361301
66.368835
66.376368
66.383901
66.391432
66.398963
66.406493
66.414022
66.421550
66.429077
66.436603
66.444129
66.451654
66.459177
66.466700
66.474222
66.481744
66.489264
66.496784
66.504303
66.511820
66.519337
66.526854
66.534369
66.541883
66.549397
66.556910
66.564422
66.571933
66.579443
66.586953
66.594461
66.601969
66.609476
66.616982
66.624487
66.631991
66.639495
66.646997
66.654499
66.662000
66.669500
66.676999
66.684498
66.691995
66.699492
66.706988
66.714483
66.721977
66.729471
66.736963
66.744455
66.751946
66.759436
66.766925
66.774413
66.781901
66.789387
66.796873
66.804358
66.811842
66.819325
66.826808
66.834290
66.841770
66.849250
66.856729
66.864208
66.871685
66.879162
66.886637
66.894112
66.901586
66.909060
66.916532
66.924004
66.931474
66.938944
66.946413
66.953882
66.961349
66.968816
66.976281
66.983746
66.991210
66.998674
67.006136
67.013598
67.021058
67.028518
67.035977
67.043436
67.050893
67.058350
67.065805
67.073260
67.080714
67.088168
67.095620
67.103072
67.110523
67.117973
67.125422
67.132870
67.140318
67.147764
67.155210
67.162655
67.170099
67.177543
67.184985
67.192427
67.199868
67.207308
67.214747
67.222186
67.229623
67.237060
67.244496
67.251931
67.259366
67.266799
67.274232
67.281664
67.289095
67.296525
67.303954
67.311383
67.318811
67.326237
67.333664
67.341089
67.348513
67.355937
67.363360
67.370782
67.378203
67.385623
67.393043
67.400462
67.407880
67.415297
67.422713
67.430129
67.437543
67.444957
67.452370
67.459782
67.467194
67.474605
67.482014
67.489423
67.496831
67.504239
67.511645
67.519051
67.526456
67.533860
67.541263
67.548666
67.556067
67.563468
67.570868
67.578268
67.585666
67.593064
67.600460
67.607856
67.615252
67.622646
67.630040
67.637432
67.644824
67.652215
67.659606
67.666995
67.674384
67.681772
67.689159
67.696545
67.703931
67.711316
67.718699
67.726083
67.733465
67.740846
67.748227
67.755607
67.762986
67.770364
67.777742
67.785118
67.792494
67.799869
67.807243
67.814617
67.821989
67.829361
67.836732
67.844103
67.851472
67.858841
67.866208
67.873576
67.880942
67.888307
67.895672
67.903036
67.910399
67.917761
67.925122
67.932483
67.939843
67.947202
67.954560
67.961918
67.969274
67.976630
67.983985
67.991340
67.998693
68.006046
68.013398
68.020749
68.028099
68.035449
68.042797
68.050145
68.057492
68.064839
68.072184
68.079529
68.086873
68.094216
